

1.00 0.98 0.34 -0.28 0.10 -0.25 0.68 0.87 0.37 0.37 
1.00 0.44 -0.26 0.04 -0.20 0.75 0.92 0.48 0.48 
1.00 -0.15 0.16 -0.02 0.63 0.60 0.77 0.77 
1.00 -0.49 0.93 0.28 -0.25 0.26 0.26 
1.00 -0.50 -0.15 0.04 -0.01 -0.01 
1.00 0.34 -0.17 0.37 0.37 
1.00 0.77 0.87 0.87 
1.00 0.62 0.62 
1.00 1.00 
1.00 


1.00 0.98 0.32 -0.28 0.09 -0.25 0.68 0.88 0.37 0.37 
1.00 0.41 -0.26 0.03 -0.20 0.75 0.93 0.46 0.46 
1.00 -0.15 0.17 -0.03 0.60 0.57 0.74 0.74 
1.00 -0.48 0.93 0.29 -0.25 0.29 0.29 
1.00 -0.47 -0.15 0.03 -0.00 -0.00 
1.00 0.34 -0.17 0.39 0.39 
1.00 0.77 0.87 0.87 
1.00 0.61 0.61 
1.00 1.00 
1.00 


1.00 0.99 0.73 0.10 0.05 -0.01 0.86 0.92 0.80 0.80 
1.00 0.78 0.11 0.01 0.02 0.88 0.93 0.83 0.83 
1.00 0.08 0.13 0.03 0.81 0.82 0.90 0.90 
1.00 -0.58 0.92 0.48 0.04 0.25 0.25 
1.00 -0.71 -0.16 0.19 0.08 0.08 
1.00 0.39 -0.10 0.18 0.18 
1.00 0.85 0.93 0.93 
1.00 0.90 0.90 
1.00 1.00 
1.00 


1.00 0.99 0.78 0.39 -0.02 0.26 0.91 0.89 0.83 0.83 
1.00 0.84 0.40 -0.06 0.29 0.94 0.92 0.89 0.89 
1.00 0.24 0.04 0.17 0.85 0.92 0.94 0.94 
1.00 -0.55 0.92 0.61 0.28 0.35 0.35 
1.00 -0.79 -0.21 0.12 -0.00 -0.00 
1.00 0.51 0.13 0.26 0.26 
1.00 0.91 0.93 0.93 
1.00 0.97 0.97 
1.00 1.00 
1.00 


1.00 1.00 -0.15 -0.76 0.16 -0.29 0.89 1.00 -0.15 -0.15 
1.00 -0.15 -0.76 0.16 -0.29 0.89 1.00 -0.15 -0.15 
1.00 -0.28 0.69 -0.11 0.33 -0.15 1.00 1.00 
1.00 -0.06 0.77 -0.86 -0.76 -0.28 -0.28 
1.00 0.48 0.47 0.16 0.69 0.69 
1.00 -0.33 -0.29 -0.11 -0.11 
1.00 0.89 0.33 0.33 
1.00 -0.15 -0.15 
1.00 1.00 
1.00 


1.00 

1.00 0.98 0.34 -0.28 0.10 -0.25 0.68 0.87 0.37 0.37 
1.00 0.44 -0.26 0.04 -0.20 0.75 0.92 0.48 0.48 
1.00 -0.15 0.16 -0.02 0.63 0.60 0.77 0.77 
1.00 -0.49 0.93 0.28 -0.25 0.26 0.26 
1.00 -0.50 -0.15 0.04 -0.01 -0.01 
1.00 0.34 -0.17 0.37 0.37 
1.00 0.77 0.87 0.87 
1.00 0.62 0.62 
1.00 1.00 
1.00 


1.00 0.98 0.32 -0.28 0.09 -0.25 0.68 0.88 0.37 0.37 
1.00 0.41 -0.26 0.03 -0.20 0.75 0.93 0.46 0.46 
1.00 -0.15 0.17 -0.03 0.60 0.57 0.74 0.74 
1.00 -0.48 0.93 0.29 -0.25 0.29 0.29 
1.00 -0.47 -0.15 0.03 -0.00 -0.00 
1.00 0.34 -0.17 0.39 0.39 
1.00 0.77 0.87 0.87 
1.00 0.61 0.61 
1.00 1.00 
1.00 


1.00 0.99 0.73 0.10 0.05 -0.01 0.86 0.92 0.80 0.80 
1.00 0.78 0.11 0.01 0.02 0.88 0.93 0.83 0.83 
1.00 0.08 0.13 0.03 0.81 0.82 0.90 0.90 
1.00 -0.58 0.92 0.48 0.04 0.25 0.25 
1.00 -0.71 -0.16 0.19 0.08 0.08 
1.00 0.39 -0.10 0.18 0.18 
1.00 0.85 0.93 0.93 
1.00 0.90 0.90 
1.00 1.00 
1.00 


1.00 0.99 0.78 0.39 -0.02 0.26 0.91 0.89 0.83 0.83 
1.00 0.84 0.40 -0.06 0.29 0.94 0.92 0.89 0.89 
1.00 0.24 0.04 0.17 0.85 0.92 0.94 0.94 
1.00 -0.55 0.92 0.61 0.28 0.35 0.35 
1.00 -0.79 -0.21 0.12 -0.00 -0.00 
1.00 0.51 0.13 0.26 0.26 
1.00 0.91 0.93 0.93 
1.00 0.97 0.97 
1.00 1.00 
1.00 


1.00 1.00 -0.15 -0.76 0.16 -0.29 0.89 1.00 -0.15 -0.15 
1.00 -0.15 -0.76 0.16 -0.29 0.89 1.00 -0.15 -0.15 
1.00 -0.28 0.69 -0.11 0.33 -0.15 1.00 1.00 
1.00 -0.06 0.77 -0.86 -0.76 -0.28 -0.28 
1.00 0.48 0.47 0.16 0.69 0.69 
1.00 -0.33 -0.29 -0.11 -0.11 
1.00 0.89 0.33 0.33 
1.00 -0.15 -0.15 
1.00 1.00 
1.00 


1.00 1.00 -1.00 -0.00 -1.00 0.00 0.00 1.00 -1.00 -1.00 
1.00 -1.00 -0.00 -1.00 0.00 0.00 1.00 -1.00 -1.00 
1.00 0.00 1.00 -0.00 -0.00 -1.00 1.00 1.00 
1.00 0.00 -1.00 -1.00 -0.00 -0.00 -0.00 
1.00 -0.00 -0.00 -1.00 1.00 1.00 
1.00 1.00 0.00 0.00 0.00 
1.00 0.00 0.00 0.00 
1.00 -1.00 -1.00 
1.00 1.00 
1.00 


1.00 0.92 0.52 -0.62 0.18 -0.43 0.69 0.83 0.25 0.26 
1.00 0.54 -0.62 -0.01 -0.48 0.72 0.82 0.36 0.38 
1.00 -0.62 -0.08 -0.46 0.68 0.66 0.32 0.32 
1.00 0.09 0.88 -0.77 -0.71 -0.47 -0.46 
1.00 0.20 0.06 0.05 0.11 0.10 
1.00 -0.62 -0.54 -0.45 -0.45 
1.00 0.89 0.76 0.75 
1.00 0.53 0.52 
1.00 0.99 
1.00 


1.00 0.90 0.47 -0.63 0.19 -0.43 0.67 0.84 0.24 0.25 
1.00 0.50 -0.62 -0.03 -0.48 0.70 0.82 0.35 0.38 
1.00 -0.61 -0.11 -0.46 0.67 0.64 0.33 0.33 
1.00 0.04 0.87 -0.77 -0.71 -0.47 -0.46 
1.00 0.17 0.06 0.05 0.11 0.11 
1.00 -0.61 -0.54 -0.44 -0.45 
1.00 0.89 0.75 0.74 
1.00 0.51 0.51 
1.00 0.98 
1.00 


1.00 0.98 0.89 -0.22 0.14 -0.19 0.93 0.87 0.85 0.85 
1.00 0.91 -0.23 0.09 -0.20 0.95 0.88 0.87 0.87 
1.00 -0.20 0.03 -0.16 0.94 0.83 0.85 0.85 
1.00 -0.28 0.93 -0.11 -0.35 -0.26 -0.26 
1.00 -0.23 0.05 0.12 0.15 0.15 
1.00 -0.08 -0.32 -0.24 -0.24 
1.00 0.90 0.94 0.94 
1.00 0.93 0.93 
1.00 1.00 
1.00 


1.00 0.93 0.81 0.28 0.06 0.21 0.84 0.74 0.66 0.67 
1.00 0.92 0.27 -0.14 0.23 0.95 0.84 0.79 0.80 
1.00 0.16 -0.22 0.16 0.95 0.87 0.82 0.82 
1.00 -0.20 0.92 0.27 0.02 0.04 0.05 
1.00 -0.26 -0.23 -0.16 -0.17 -0.18 
1.00 0.24 -0.03 -0.00 0.01 
1.00 0.93 0.91 0.91 
1.00 0.97 0.96 
1.00 1.00 
1.00 


1.00 0.95 0.91 -0.80 0.44 -0.42 0.97 0.97 0.27 0.29 
1.00 0.94 -0.78 0.32 -0.47 0.91 0.90 0.25 0.30 
1.00 -0.78 0.28 -0.48 0.91 0.87 0.24 0.25 
1.00 -0.07 0.82 -0.83 -0.77 -0.34 -0.35 
1.00 0.42 0.49 0.37 0.50 0.52 
1.00 -0.43 -0.44 -0.13 -0.14 
1.00 0.94 0.43 0.43 
1.00 0.22 0.22 
1.00 0.95 
1.00 


1.00 0.99 0.83 -0.89 0.41 -0.84 0.95 0.89 0.87 0.87 
1.00 0.85 -0.91 0.36 -0.86 0.95 0.88 0.86 0.86 
1.00 -0.88 0.30 -0.83 0.90 0.81 0.80 0.80 
1.00 -0.30 0.98 -0.95 -0.81 -0.86 -0.86 
1.00 -0.31 0.45 0.49 0.55 0.55 
1.00 -0.91 -0.80 -0.86 -0.86 
1.00 0.94 0.96 0.96 
1.00 0.95 0.95 
1.00 1.00 
1.00 


1.00 0.93 0.48 -0.62 0.21 -0.45 0.66 0.81 0.26 0.26 
1.00 0.54 -0.62 0.07 -0.49 0.74 0.84 0.38 0.41 
1.00 -0.62 -0.08 -0.46 0.76 0.66 0.45 0.44 
1.00 0.04 0.90 -0.59 -0.65 -0.30 -0.30 
1.00 0.16 0.08 0.06 0.12 0.12 
1.00 -0.46 -0.48 -0.28 -0.28 
1.00 0.87 0.79 0.79 
1.00 0.54 0.54 
1.00 0.98 
1.00 


1.00 0.93 0.47 -0.59 0.20 -0.41 0.68 0.82 0.27 0.28 
1.00 0.52 -0.59 0.04 -0.47 0.75 0.84 0.39 0.42 
1.00 -0.62 -0.15 -0.47 0.74 0.65 0.43 0.42 
1.00 0.07 0.90 -0.58 -0.64 -0.28 -0.28 
1.00 0.18 0.05 0.04 0.10 0.09 
1.00 -0.45 -0.47 -0.27 -0.27 
1.00 0.87 0.79 0.78 
1.00 0.52 0.52 
1.00 0.98 
1.00 


1.00 0.98 0.87 -0.05 0.06 -0.04 0.92 0.88 0.85 0.85 
1.00 0.90 -0.05 0.01 -0.05 0.94 0.88 0.86 0.87 
1.00 -0.02 -0.03 -0.01 0.92 0.81 0.83 0.83 
1.00 -0.44 0.93 0.13 -0.19 -0.08 -0.07 
1.00 -0.43 -0.04 0.13 0.11 0.11 
1.00 0.12 -0.20 -0.08 -0.08 
1.00 0.89 0.93 0.93 
1.00 0.94 0.93 
1.00 1.00 
1.00 


1.00 0.95 0.80 0.31 0.01 0.26 0.86 0.76 0.67 0.68 
1.00 0.91 0.31 -0.15 0.28 0.95 0.86 0.80 0.80 
1.00 0.21 -0.27 0.23 0.94 0.87 0.82 0.82 
1.00 -0.33 0.91 0.36 0.07 0.09 0.10 
1.00 -0.41 -0.24 -0.13 -0.13 -0.14 
1.00 0.34 0.05 0.08 0.08 
1.00 0.93 0.90 0.90 
1.00 0.96 0.96 
1.00 1.00 
1.00 


1.00 0.99 0.72 -0.81 0.02 -0.71 0.89 0.93 0.76 0.76 
1.00 0.76 -0.85 -0.03 -0.76 0.92 0.95 0.78 0.78 
1.00 -0.86 -0.12 -0.75 0.90 0.88 0.79 0.79 
1.00 0.15 0.96 -0.96 -0.95 -0.90 -0.90 
1.00 0.21 -0.02 -0.05 0.17 0.17 
1.00 -0.87 -0.85 -0.84 -0.84 
1.00 0.99 0.93 0.93 
1.00 0.89 0.89 
1.00 1.00 
1.00 


1.00 0.97 0.93 -0.80 0.47 -0.35 0.96 0.98 0.14 0.19 
1.00 0.93 -0.78 0.40 -0.39 0.92 0.94 0.14 0.21 
1.00 -0.81 0.38 -0.41 0.95 0.91 0.24 0.23 
1.00 -0.07 0.80 -0.83 -0.78 -0.29 -0.30 
1.00 0.46 0.52 0.42 0.45 0.49 
1.00 -0.38 -0.37 -0.12 -0.13 
1.00 0.94 0.34 0.36 
1.00 0.09 0.12 
1.00 0.93 
1.00 


1.00 0.95 0.43 -0.54 0.21 -0.41 0.66 0.81 0.29 0.30 
1.00 0.52 -0.52 0.10 -0.40 0.76 0.88 0.42 0.45 
1.00 -0.43 -0.05 -0.28 0.77 0.65 0.58 0.55 
1.00 -0.12 0.92 -0.23 -0.51 -0.03 -0.04 
1.00 -0.05 0.06 0.05 0.10 0.10 
1.00 -0.11 -0.35 0.00 -0.01 
1.00 0.83 0.83 0.83 
1.00 0.57 0.58 
1.00 0.99 
1.00 


1.00 0.95 0.44 -0.57 0.22 -0.43 0.65 0.79 0.30 0.31 
1.00 0.55 -0.54 0.10 -0.41 0.76 0.87 0.44 0.46 
1.00 -0.44 -0.07 -0.27 0.79 0.66 0.59 0.57 
1.00 -0.15 0.92 -0.26 -0.52 -0.06 -0.07 
1.00 -0.10 0.05 0.04 0.09 0.09 
1.00 -0.13 -0.35 -0.02 -0.03 
1.00 0.84 0.85 0.85 
1.00 0.61 0.61 
1.00 0.99 
1.00 


1.00 0.98 0.83 0.02 0.07 0.03 0.89 0.88 0.81 0.81 
1.00 0.88 0.01 0.04 0.03 0.92 0.90 0.85 0.85 
1.00 0.03 -0.04 0.06 0.90 0.82 0.86 0.85 
1.00 -0.52 0.92 0.27 -0.10 0.05 0.05 
1.00 -0.56 -0.08 0.15 0.11 0.11 
1.00 0.26 -0.12 0.03 0.03 
1.00 0.88 0.93 0.93 
1.00 0.91 0.91 
1.00 1.00 
1.00 


1.00 0.96 0.79 0.39 -0.01 0.30 0.88 0.81 0.73 0.73 
1.00 0.88 0.40 -0.14 0.33 0.95 0.88 0.83 0.84 
1.00 0.29 -0.28 0.28 0.91 0.88 0.85 0.84 
1.00 -0.44 0.91 0.52 0.21 0.25 0.26 
1.00 -0.60 -0.24 -0.05 -0.09 -0.10 
1.00 0.45 0.11 0.18 0.19 
1.00 0.92 0.91 0.91 
1.00 0.97 0.96 
1.00 1.00 
1.00 


1.00 1.00 0.54 -0.81 0.54 -0.73 0.89 0.92 0.80 0.80 
1.00 0.57 -0.83 0.55 -0.77 0.90 0.94 0.82 0.82 
1.00 -0.78 0.22 -0.63 0.80 0.77 0.74 0.74 
1.00 -0.55 0.96 -0.98 -0.96 -0.98 -0.98 
1.00 -0.61 0.59 0.58 0.70 0.70 
1.00 -0.90 -0.89 -0.96 -0.96 
1.00 1.00 0.97 0.97 
1.00 0.95 0.95 
1.00 1.00 
1.00 


1.00 0.99 0.86 -0.78 0.43 -0.34 0.94 1.00 -0.03 0.06 
1.00 0.83 -0.78 0.40 -0.36 0.93 0.99 -0.05 0.08 
1.00 -0.80 0.29 -0.39 0.95 0.87 0.24 0.15 
1.00 0.06 0.82 -0.84 -0.77 -0.24 -0.28 
1.00 0.56 0.42 0.39 0.27 0.32 
1.00 -0.39 -0.35 -0.14 -0.16 
1.00 0.93 0.28 0.31 
1.00 -0.07 0.01 
1.00 0.88 
1.00 


1.00 0.98 0.34 -0.28 0.10 -0.25 0.68 0.87 0.37 0.37 
1.00 0.44 -0.26 0.04 -0.20 0.75 0.92 0.48 0.48 
1.00 -0.15 0.16 -0.02 0.63 0.60 0.77 0.77 
1.00 -0.49 0.93 0.28 -0.25 0.26 0.26 
1.00 -0.50 -0.15 0.04 -0.01 -0.01 
1.00 0.34 -0.17 0.37 0.37 
1.00 0.77 0.87 0.87 
1.00 0.62 0.62 
1.00 1.00 
1.00 


1.00 0.98 0.32 -0.28 0.09 -0.25 0.68 0.88 0.37 0.37 
1.00 0.41 -0.26 0.03 -0.20 0.75 0.93 0.46 0.46 
1.00 -0.15 0.17 -0.03 0.60 0.57 0.74 0.74 
1.00 -0.48 0.93 0.29 -0.25 0.29 0.29 
1.00 -0.47 -0.15 0.03 -0.00 -0.00 
1.00 0.34 -0.17 0.39 0.39 
1.00 0.77 0.87 0.87 
1.00 0.61 0.61 
1.00 1.00 
1.00 


1.00 0.99 0.73 0.10 0.05 -0.01 0.86 0.92 0.80 0.80 
1.00 0.78 0.11 0.01 0.02 0.88 0.93 0.83 0.83 
1.00 0.08 0.13 0.03 0.81 0.82 0.90 0.90 
1.00 -0.58 0.92 0.48 0.04 0.25 0.25 
1.00 -0.71 -0.16 0.19 0.08 0.08 
1.00 0.39 -0.10 0.18 0.18 
1.00 0.85 0.93 0.93 
1.00 0.90 0.90 
1.00 1.00 
1.00 


1.00 0.99 0.78 0.39 -0.02 0.26 0.91 0.89 0.83 0.83 
1.00 0.84 0.40 -0.06 0.29 0.94 0.92 0.89 0.89 
1.00 0.24 0.04 0.17 0.85 0.92 0.94 0.94 
1.00 -0.55 0.92 0.61 0.28 0.35 0.35 
1.00 -0.79 -0.21 0.12 -0.00 -0.00 
1.00 0.51 0.13 0.26 0.26 
1.00 0.91 0.93 0.93 
1.00 0.97 0.97 
1.00 1.00 
1.00 


1.00 1.00 -1.00 -0.00 -1.00 0.00 0.00 1.00 -1.00 -1.00 
1.00 -1.00 -0.00 -1.00 0.00 0.00 1.00 -1.00 -1.00 
1.00 0.00 1.00 -0.00 -0.00 -1.00 1.00 1.00 
1.00 0.00 -1.00 -1.00 -0.00 -0.00 -0.00 
1.00 -0.00 -0.00 -1.00 1.00 1.00 
1.00 1.00 0.00 0.00 0.00 
1.00 0.00 0.00 0.00 
1.00 -1.00 -1.00 
1.00 1.00 
1.00 


1.00 1.00 -0.15 -0.76 0.16 -0.29 0.89 1.00 -0.15 -0.15 
1.00 -0.15 -0.76 0.16 -0.29 0.89 1.00 -0.15 -0.15 
1.00 -0.28 0.69 -0.11 0.33 -0.15 1.00 1.00 
1.00 -0.06 0.77 -0.86 -0.76 -0.28 -0.28 
1.00 0.48 0.47 0.16 0.69 0.69 
1.00 -0.33 -0.29 -0.11 -0.11 
1.00 0.89 0.33 0.33 
1.00 -0.15 -0.15 
1.00 1.00 
1.00 
